2024-05-07 22:30:06:5371	../../../files/testListWithPickListSize100.txt
instanceNumber	DistanceMatrixRunningTime	NumberOfStagnantGeneration	PopulationSize	CrossoverProbability	MutationProbability	CrossoverOperator	MutationOperator	TravelledDistance	RunningTime
1	0	50	50	0.6	0.005	PMX	Swap	4260.92	0.323
1	0	50	50	0.6	0.05	PMX	Swap	2901.008	3.376
1	0	50	50	0.6	0.1	PMX	Swap	2530.048	4.511
1	0	50	50	0.9	0.005	PMX	Swap	3991.608	1.526
1	0	50	50	0.9	0.05	PMX	Swap	2767.844	5.884
1	0	50	50	0.9	0.1	PMX	Swap	2612.208	6.005
1	0	50	100	0.6	0.005	PMX	Swap	3930.084	1.579
1	0	50	100	0.6	0.05	PMX	Swap	2672.512	7.222
1	0	50	100	0.6	0.1	PMX	Swap	2303.224	11.498
1	0	50	100	0.9	0.005	PMX	Swap	3697.712	2.752
1	0	50	100	0.9	0.05	PMX	Swap	2418.472	12.381
1	0	50	100	0.9	0.1	PMX	Swap	2491.6	9.747
1	0	50	200	0.6	0.005	PMX	Swap	3412.816	5.921
1	0	50	200	0.6	0.05	PMX	Swap	2226.46	16.622
1	0	50	200	0.6	0.1	PMX	Swap	2239.38	14.897
1	0	50	200	0.9	0.005	PMX	Swap	3205.228	14.049
1	0	50	200	0.9	0.05	PMX	Swap	2147.968	26.753
1	0	50	200	0.9	0.1	PMX	Swap	2111.5	29.899
1	0	150	50	0.6	0.005	PMX	Swap	3674.136	12.099
1	0	150	50	0.6	0.05	PMX	Swap	2401.964	6.448
1	0	150	50	0.6	0.1	PMX	Swap	2277.752	5.889
1	0	150	50	0.9	0.005	PMX	Swap	3542.176	7.643
1	0	150	50	0.9	0.05	PMX	Swap	2213.42	14.604
1	0	150	50	0.9	0.1	PMX	Swap	2090.912	12.389
1	0	150	100	0.6	0.005	PMX	Swap	3232.796	18.206
1	0	150	100	0.6	0.05	PMX	Swap	2090.632	19.424
1	0	150	100	0.6	0.1	PMX	Swap	2002.936	19.237
1	0	150	100	0.9	0.005	PMX	Swap	3040.888	23.835
1	0	150	100	0.9	0.05	PMX	Swap	2230.528	23.681
1	0	150	100	0.9	0.1	PMX	Swap	1986.636	40.563
1	0	150	200	0.6	0.005	PMX	Swap	2901.46	31.801
1	0	150	200	0.6	0.05	PMX	Swap	2036.324	37.568
1	0	150	200	0.6	0.1	PMX	Swap	1981.8	33.248
1	0	150	200	0.9	0.005	PMX	Swap	2466.088	72.442
1	0	150	200	0.9	0.05	PMX	Swap	2056.2	44.279
1	0	150	200	0.9	0.1	PMX	Swap	1999.54	33.315
2	0	50	50	0.6	0.005	PMX	Swap	4137.336	0.242
2	0	50	50	0.6	0.05	PMX	Swap	2643.448	2.679
2	0	50	50	0.6	0.1	PMX	Swap	2542.404	2.216
2	0	50	50	0.9	0.005	PMX	Swap	3808.612	1.269
2	0	50	50	0.9	0.05	PMX	Swap	2741.2	3.224
2	0	50	50	0.9	0.1	PMX	Swap	2512.752	6.155
2	0	50	100	0.6	0.005	PMX	Swap	3844.932	0.832
2	0	50	100	0.6	0.05	PMX	Swap	2447.14	5.909
2	0	50	100	0.6	0.1	PMX	Swap	2210.428	11.522
2	0	50	100	0.9	0.005	PMX	Swap	3395.708	4.808
2	0	50	100	0.9	0.05	PMX	Swap	2307.796	8.268
2	0	50	100	0.9	0.1	PMX	Swap	2239.176	6.417
2	0	50	200	0.6	0.005	PMX	Swap	3414.272	5.767
2	0	50	200	0.6	0.05	PMX	Swap	2337.492	15.207
2	0	50	200	0.6	0.1	PMX	Swap	2007.556	18.019
2	0	50	200	0.9	0.005	PMX	Swap	3168.54	3.615
2	0	50	200	0.9	0.05	PMX	Swap	2123.904	20.031
2	0	50	200	0.9	0.1	PMX	Swap	2089.024	21.933
2	0	150	50	0.6	0.005	PMX	Swap	3770.44	8.676
2	0	150	50	0.6	0.05	PMX	Swap	2382.06	15.05
2	0	150	50	0.6	0.1	PMX	Swap	2183.848	8.553
2	0	150	50	0.9	0.005	PMX	Swap	3283.172	8.989
2	0	150	50	0.9	0.05	PMX	Swap	2264.832	18.592
2	0	150	50	0.9	0.1	PMX	Swap	2066.956	14.073
2	0	150	100	0.6	0.005	PMX	Swap	3129.968	10.724
2	0	150	100	0.6	0.05	PMX	Swap	1984.852	17.135
2	0	150	100	0.6	0.1	PMX	Swap	1946.7	16
2	0	150	100	0.9	0.005	PMX	Swap	3000.624	12.514
2	0	150	100	0.9	0.05	PMX	Swap	1964.392	39.6
2	0	150	100	0.9	0.1	PMX	Swap	1935.18	23.698
2	0	150	200	0.6	0.005	PMX	Swap	2917.492	32.508
2	0	150	200	0.6	0.05	PMX	Swap	1947.152	41.065
2	0	150	200	0.6	0.1	PMX	Swap	1912.752	25.874
2	0	150	200	0.9	0.005	PMX	Swap	2464.896	68.713
2	0	150	200	0.9	0.05	PMX	Swap	1967.544	58.774
2	0	150	200	0.9	0.1	PMX	Swap	1866.352	44.199
3	0	50	50	0.6	0.005	PMX	Swap	4218.096	0.985
3	0	50	50	0.6	0.05	PMX	Swap	2988.092	3.673
3	0	50	50	0.6	0.1	PMX	Swap	2487.148	3.767
3	0	50	50	0.9	0.005	PMX	Swap	3853.652	1.426
3	0	50	50	0.9	0.05	PMX	Swap	2705.208	7.034
3	0	50	50	0.9	0.1	PMX	Swap	2440.428	9.459
3	0	50	100	0.6	0.005	PMX	Swap	3864.96	2.644
3	0	50	100	0.6	0.05	PMX	Swap	2508.464	7.683
3	0	50	100	0.6	0.1	PMX	Swap	2340.824	4.176
3	0	50	100	0.9	0.005	PMX	Swap	3625.12	3.308
3	0	50	100	0.9	0.05	PMX	Swap	2403.096	8.395
3	0	50	100	0.9	0.1	PMX	Swap	2181.4	13.763
3	0	50	200	0.6	0.005	PMX	Swap	3324.696	7.081
3	0	50	200	0.6	0.05	PMX	Swap	2346.968	21.727
3	0	50	200	0.6	0.1	PMX	Swap	2122.544	21.599
3	0	50	200	0.9	0.005	PMX	Swap	3071.536	8.989
3	0	50	200	0.9	0.05	PMX	Swap	2190.62	16.36
3	0	50	200	0.9	0.1	PMX	Swap	2081.804	27.816
3	0	150	50	0.6	0.005	PMX	Swap	3896.2	2.242
3	0	150	50	0.6	0.05	PMX	Swap	2293.508	11.266
3	0	150	50	0.6	0.1	PMX	Swap	2098.484	8.777
3	0	150	50	0.9	0.005	PMX	Swap	3347.232	9.829
3	0	150	50	0.9	0.05	PMX	Swap	2313.14	11.209
3	0	150	50	0.9	0.1	PMX	Swap	2208.696	19.776
3	0	150	100	0.6	0.005	PMX	Swap	3224.16	15.382
3	0	150	100	0.6	0.05	PMX	Swap	2166.596	31.531
3	0	150	100	0.6	0.1	PMX	Swap	1955.548	21.064
3	0	150	100	0.9	0.005	PMX	Swap	2958.24	11.879
3	0	150	100	0.9	0.05	PMX	Swap	2060.696	50.362
3	0	150	100	0.9	0.1	PMX	Swap	1952.82	37.431
3	0	150	200	0.6	0.005	PMX	Swap	2830.388	37.573
3	0	150	200	0.6	0.05	PMX	Swap	2008.58	69.014
3	0	150	200	0.6	0.1	PMX	Swap	1912.764	40.614
3	0	150	200	0.9	0.005	PMX	Swap	2444.88	39.223
3	0	150	200	0.9	0.05	PMX	Swap	1977.756	59.69
3	0	150	200	0.9	0.1	PMX	Swap	1857.776	42.148
4	0	50	50	0.6	0.005	PMX	Swap	4164.008	0.847
4	0	50	50	0.6	0.05	PMX	Swap	2929.068	2.568
4	0	50	50	0.6	0.1	PMX	Swap	2692.308	6.023
4	0	50	50	0.9	0.005	PMX	Swap	4052.796	0.858
4	0	50	50	0.9	0.05	PMX	Swap	2665.896	6.689
4	0	50	50	0.9	0.1	PMX	Swap	2668.44	5.88
4	0	50	100	0.6	0.005	PMX	Swap	3908.844	1.726
4	0	50	100	0.6	0.05	PMX	Swap	2678.636	7.344
4	0	50	100	0.6	0.1	PMX	Swap	2419.38	10.367
4	0	50	100	0.9	0.005	PMX	Swap	3492.456	4.784
4	0	50	100	0.9	0.05	PMX	Swap	2430.852	11.637
4	0	50	100	0.9	0.1	PMX	Swap	2346.692	12.123
4	0	50	200	0.6	0.005	PMX	Swap	3525.652	2.686
4	0	50	200	0.6	0.05	PMX	Swap	2427.176	16.868
4	0	50	200	0.6	0.1	PMX	Swap	2163.704	16.259
4	0	50	200	0.9	0.005	PMX	Swap	3333.904	14.132
4	0	50	200	0.9	0.05	PMX	Swap	2184.048	34.726
4	0	50	200	0.9	0.1	PMX	Swap	2077.844	26.526
4	0	150	50	0.6	0.005	PMX	Swap	3898.892	1.829
4	0	150	50	0.6	0.05	PMX	Swap	2477.316	12.032
4	0	150	50	0.6	0.1	PMX	Swap	2336.936	15.298
4	0	150	50	0.9	0.005	PMX	Swap	3458.26	9.231
4	0	150	50	0.9	0.05	PMX	Swap	2324.576	17.11
4	0	150	50	0.9	0.1	PMX	Swap	2263.572	9.814
4	0	150	100	0.6	0.005	PMX	Swap	3163.004	21.523
4	0	150	100	0.6	0.05	PMX	Swap	2247.524	25.28
4	0	150	100	0.6	0.1	PMX	Swap	2080.056	25.194
4	0	150	100	0.9	0.005	PMX	Swap	3003.072	20.038
4	0	150	100	0.9	0.05	PMX	Swap	2171.532	30.604
4	0	150	100	0.9	0.1	PMX	Swap	2045.74	33.654
4	0	150	200	0.6	0.005	PMX	Swap	2833.036	33.592
4	0	150	200	0.6	0.05	PMX	Swap	2003.456	53.862
4	0	150	200	0.6	0.1	PMX	Swap	2018.712	52.398
4	0	150	200	0.9	0.005	PMX	Swap	2555.428	58.617
4	0	150	200	0.9	0.05	PMX	Swap	2091.308	40.47
4	0	150	200	0.9	0.1	PMX	Swap	1947.664	42.113
5	0	50	50	0.6	0.005	PMX	Swap	4039.176	0.324
5	0	50	50	0.6	0.05	PMX	Swap	2739.552	4.152
5	0	50	50	0.6	0.1	PMX	Swap	2537.86	3.915
5	0	50	50	0.9	0.005	PMX	Swap	3899.84	2.39
5	0	50	50	0.9	0.05	PMX	Swap	2726.684	4.933
5	0	50	50	0.9	0.1	PMX	Swap	2379.12	4.857
5	0	50	100	0.6	0.005	PMX	Swap	3698.66	1.383
5	0	50	100	0.6	0.05	PMX	Swap	2513.4	9.351
5	0	50	100	0.6	0.1	PMX	Swap	2194.496	6.454
5	0	50	100	0.9	0.005	PMX	Swap	3442.316	4.519
5	0	50	100	0.9	0.05	PMX	Swap	2380.328	8.28
5	0	50	100	0.9	0.1	PMX	Swap	2251.192	11.903
5	0	50	200	0.6	0.005	PMX	Swap	3346.956	10.853
5	0	50	200	0.6	0.05	PMX	Swap	2053.556	20.414
5	0	50	200	0.6	0.1	PMX	Swap	1984.704	19.276
5	0	50	200	0.9	0.005	PMX	Swap	3007.836	11.243
5	0	50	200	0.9	0.05	PMX	Swap	1946.548	18.353
5	0	50	200	0.9	0.1	PMX	Swap	1952.088	31.928
5	0	150	50	0.6	0.005	PMX	Swap	3666.068	6.179
5	0	150	50	0.6	0.05	PMX	Swap	2296.116	11.116
5	0	150	50	0.6	0.1	PMX	Swap	1979.524	10.62
5	0	150	50	0.9	0.005	PMX	Swap	3287.572	13.588
5	0	150	50	0.9	0.05	PMX	Swap	2086.044	13.271
5	0	150	50	0.9	0.1	PMX	Swap	2070.34	14.162
5	0	150	100	0.6	0.005	PMX	Swap	3189	10.681
5	0	150	100	0.6	0.05	PMX	Swap	1996.2	29.642
5	0	150	100	0.6	0.1	PMX	Swap	1901.244	15.391
5	0	150	100	0.9	0.005	PMX	Swap	2890.616	18.584
5	0	150	100	0.9	0.05	PMX	Swap	1957.932	32.555
5	0	150	100	0.9	0.1	PMX	Swap	1927.26	28.039
5	0	150	200	0.6	0.005	PMX	Swap	2665.104	32.149
5	0	150	200	0.6	0.05	PMX	Swap	1928.908	34.89
5	0	150	200	0.6	0.1	PMX	Swap	1811.452	31.211
5	0	150	200	0.9	0.005	PMX	Swap	2404.34	81.285
5	0	150	200	0.9	0.05	PMX	Swap	1888.08	67.985
5	0	150	200	0.9	0.1	PMX	Swap	1772.336	54.278

