2024-05-07 21:43:19:0145	../../../files/testListWithPickListSize050.txt
instanceNumber	DistanceMatrixRunningTime	NumberOfStagnantGeneration	PopulationSize	CrossoverProbability	MutationProbability	CrossoverOperator	MutationOperator	TravelledDistance	RunningTime
1	0	50	50	0.6	0.005	PMX	Swap	1953.428	0.214
1	0	50	50	0.6	0.05	PMX	Swap	1526.368	0.876
1	0	50	50	0.6	0.1	PMX	Swap	1315.18	0.884
1	0	50	50	0.9	0.005	PMX	Swap	1830.752	0.378
1	0	50	50	0.9	0.05	PMX	Swap	1368.868	0.579
1	0	50	50	0.9	0.1	PMX	Swap	1372.212	1.117
1	0	50	100	0.6	0.005	PMX	Swap	1822.496	0.34
1	0	50	100	0.6	0.05	PMX	Swap	1299.556	1.501
1	0	50	100	0.6	0.1	PMX	Swap	1175.324	1.834
1	0	50	100	0.9	0.005	PMX	Swap	1708.988	0.634
1	0	50	100	0.9	0.05	PMX	Swap	1307.776	2.662
1	0	50	100	0.9	0.1	PMX	Swap	1199.164	2.308
1	0	50	200	0.6	0.005	PMX	Swap	1648.064	0.591
1	0	50	200	0.6	0.05	PMX	Swap	1252.104	2.092
1	0	50	200	0.6	0.1	PMX	Swap	1147.396	2.589
1	0	50	200	0.9	0.005	PMX	Swap	1546.86	1.29
1	0	50	200	0.9	0.05	PMX	Swap	1177.148	4.692
1	0	50	200	0.9	0.1	PMX	Swap	1198.04	4.045
1	0	150	50	0.6	0.005	PMX	Swap	1816.168	2.006
1	0	150	50	0.6	0.05	PMX	Swap	1251.252	2.309
1	0	150	50	0.6	0.1	PMX	Swap	1206.168	1.475
1	0	150	50	0.9	0.005	PMX	Swap	1649.824	1.257
1	0	150	50	0.9	0.05	PMX	Swap	1238.196	3.784
1	0	150	50	0.9	0.1	PMX	Swap	1182.896	2.1
1	0	150	100	0.6	0.005	PMX	Swap	1613.056	4.5
1	0	150	100	0.6	0.05	PMX	Swap	1175.484	3.252
1	0	150	100	0.6	0.1	PMX	Swap	1209.168	1.395
1	0	150	100	0.9	0.005	PMX	Swap	1402.684	7.575
1	0	150	100	0.9	0.05	PMX	Swap	1128.192	3.991
1	0	150	100	0.9	0.1	PMX	Swap	1146.732	3.827
1	0	150	200	0.6	0.005	PMX	Swap	1435.78	10.975
1	0	150	200	0.6	0.05	PMX	Swap	1174	4.72
1	0	150	200	0.6	0.1	PMX	Swap	1137.404	7.674
1	0	150	200	0.9	0.005	PMX	Swap	1277.176	8.392
1	0	150	200	0.9	0.05	PMX	Swap	1087.032	7.349
1	0	150	200	0.9	0.1	PMX	Swap	1163.084	7.852
2	0	50	50	0.6	0.005	PMX	Swap	1997.076	0.113
2	0	50	50	0.6	0.05	PMX	Swap	1432.104	1.075
2	0	50	50	0.6	0.1	PMX	Swap	1356.504	0.789
2	0	50	50	0.9	0.005	PMX	Swap	1961.468	0.147
2	0	50	50	0.9	0.05	PMX	Swap	1467.372	0.966
2	0	50	50	0.9	0.1	PMX	Swap	1342.96	0.991
2	0	50	100	0.6	0.005	PMX	Swap	1842.272	0.479
2	0	50	100	0.6	0.05	PMX	Swap	1416.892	1.046
2	0	50	100	0.6	0.1	PMX	Swap	1222.7	2.008
2	0	50	100	0.9	0.005	PMX	Swap	1621.136	0.745
2	0	50	100	0.9	0.05	PMX	Swap	1284.924	2.728
2	0	50	100	0.9	0.1	PMX	Swap	1192.636	2.537
2	0	50	200	0.6	0.005	PMX	Swap	1579.292	1.115
2	0	50	200	0.6	0.05	PMX	Swap	1241.672	3.75
2	0	50	200	0.6	0.1	PMX	Swap	1215.948	3.053
2	0	50	200	0.9	0.005	PMX	Swap	1575.5	1.88
2	0	50	200	0.9	0.05	PMX	Swap	1202.796	3.574
2	0	50	200	0.9	0.1	PMX	Swap	1122.76	4.476
2	0	150	50	0.6	0.005	PMX	Swap	1903.672	0.219
2	0	150	50	0.6	0.05	PMX	Swap	1259.504	1.906
2	0	150	50	0.6	0.1	PMX	Swap	1159.092	2.576
2	0	150	50	0.9	0.005	PMX	Swap	1726.964	0.429
2	0	150	50	0.9	0.05	PMX	Swap	1230.108	4.671
2	0	150	50	0.9	0.1	PMX	Swap	1257.2	2.983
2	0	150	100	0.6	0.005	PMX	Swap	1691.536	1.503
2	0	150	100	0.6	0.05	PMX	Swap	1236.42	5.258
2	0	150	100	0.6	0.1	PMX	Swap	1153.52	3.077
2	0	150	100	0.9	0.005	PMX	Swap	1378.452	7.06
2	0	150	100	0.9	0.05	PMX	Swap	1179.016	6.652
2	0	150	100	0.9	0.1	PMX	Swap	1219.208	4.416
2	0	150	200	0.6	0.005	PMX	Swap	1429.388	9.535
2	0	150	200	0.6	0.05	PMX	Swap	1151.784	8.818
2	0	150	200	0.6	0.1	PMX	Swap	1150.048	4.684
2	0	150	200	0.9	0.005	PMX	Swap	1314.124	12.07
2	0	150	200	0.9	0.05	PMX	Swap	1132.412	8.604
2	0	150	200	0.9	0.1	PMX	Swap	1151.388	7.944
3	0	50	50	0.6	0.005	PMX	Swap	1807.804	0.094
3	0	50	50	0.6	0.05	PMX	Swap	1310.664	0.761
3	0	50	50	0.6	0.1	PMX	Swap	1250.236	0.674
3	0	50	50	0.9	0.005	PMX	Swap	1687.536	0.163
3	0	50	50	0.9	0.05	PMX	Swap	1251.648	1.001
3	0	50	50	0.9	0.1	PMX	Swap	1255.204	1.486
3	0	50	100	0.6	0.005	PMX	Swap	1660.368	0.778
3	0	50	100	0.6	0.05	PMX	Swap	1211.352	1.74
3	0	50	100	0.6	0.1	PMX	Swap	1129.908	1.238
3	0	50	100	0.9	0.005	PMX	Swap	1548.884	0.674
3	0	50	100	0.9	0.05	PMX	Swap	1216.908	0.957
3	0	50	100	0.9	0.1	PMX	Swap	1099.748	1.932
3	0	50	200	0.6	0.005	PMX	Swap	1501.78	0.667
3	0	50	200	0.6	0.05	PMX	Swap	1089.988	2.279
3	0	50	200	0.6	0.1	PMX	Swap	1072.536	2.544
3	0	50	200	0.9	0.005	PMX	Swap	1392.404	1.306
3	0	50	200	0.9	0.05	PMX	Swap	1057.688	4.607
3	0	50	200	0.9	0.1	PMX	Swap	1039.472	4.113
3	0	150	50	0.6	0.005	PMX	Swap	1627.82	1.111
3	0	150	50	0.6	0.05	PMX	Swap	1191.78	2.584
3	0	150	50	0.6	0.1	PMX	Swap	1091.976	2.085
3	0	150	50	0.9	0.005	PMX	Swap	1492.756	2.301
3	0	150	50	0.9	0.05	PMX	Swap	1149.5	1.783
3	0	150	50	0.9	0.1	PMX	Swap	1030.98	3.779
3	0	150	100	0.6	0.005	PMX	Swap	1422.596	3.66
3	0	150	100	0.6	0.05	PMX	Swap	1126.968	5.737
3	0	150	100	0.6	0.1	PMX	Swap	1100.132	5.405
3	0	150	100	0.9	0.005	PMX	Swap	1255.44	9.311
3	0	150	100	0.9	0.05	PMX	Swap	1030.692	4.499
3	0	150	100	0.9	0.1	PMX	Swap	1118.924	3.581
3	0	150	200	0.6	0.005	PMX	Swap	1351.084	5.537
3	0	150	200	0.6	0.05	PMX	Swap	1048.964	8.156
3	0	150	200	0.6	0.1	PMX	Swap	1011.304	4.594
3	0	150	200	0.9	0.005	PMX	Swap	1181.44	14.226
3	0	150	200	0.9	0.05	PMX	Swap	1086.312	4.484
3	0	150	200	0.9	0.1	PMX	Swap	1001.836	7.435
4	0	50	50	0.6	0.005	PMX	Swap	2183.452	0.143
4	0	50	50	0.6	0.05	PMX	Swap	1524.272	0.678
4	0	50	50	0.6	0.1	PMX	Swap	1393.796	1.042
4	0	50	50	0.9	0.005	PMX	Swap	1943.128	0.254
4	0	50	50	0.9	0.05	PMX	Swap	1475.292	0.814
4	0	50	50	0.9	0.1	PMX	Swap	1358.416	0.936
4	0	50	100	0.6	0.005	PMX	Swap	1854.8	0.209
4	0	50	100	0.6	0.05	PMX	Swap	1302.244	2.224
4	0	50	100	0.6	0.1	PMX	Swap	1364.72	1.666
4	0	50	100	0.9	0.005	PMX	Swap	1768.404	1.487
4	0	50	100	0.9	0.05	PMX	Swap	1263.168	2.235
4	0	50	100	0.9	0.1	PMX	Swap	1181.46	2.026
4	0	50	200	0.6	0.005	PMX	Swap	1575.112	0.821
4	0	50	200	0.6	0.05	PMX	Swap	1274.06	2.934
4	0	50	200	0.6	0.1	PMX	Swap	1230.132	4.133
4	0	50	200	0.9	0.005	PMX	Swap	1544.432	1.526
4	0	50	200	0.9	0.05	PMX	Swap	1232.684	3.419
4	0	50	200	0.9	0.1	PMX	Swap	1201.912	4.331
4	0	150	50	0.6	0.005	PMX	Swap	1987.996	1.239
4	0	150	50	0.6	0.05	PMX	Swap	1408.668	2.832
4	0	150	50	0.6	0.1	PMX	Swap	1280.3	2.117
4	0	150	50	0.9	0.005	PMX	Swap	1855.092	1.071
4	0	150	50	0.9	0.05	PMX	Swap	1295.016	2.76
4	0	150	50	0.9	0.1	PMX	Swap	1186.876	2.554
4	0	150	100	0.6	0.005	PMX	Swap	1684.632	2.177
4	0	150	100	0.6	0.05	PMX	Swap	1228.916	3.657
4	0	150	100	0.6	0.1	PMX	Swap	1186.94	2.813
4	0	150	100	0.9	0.005	PMX	Swap	1561.428	5.421
4	0	150	100	0.9	0.05	PMX	Swap	1230.14	4.047
4	0	150	100	0.9	0.1	PMX	Swap	1118.78	5.28
4	0	150	200	0.6	0.005	PMX	Swap	1468.528	7.305
4	0	150	200	0.6	0.05	PMX	Swap	1170.192	6.338
4	0	150	200	0.6	0.1	PMX	Swap	1327.628	4.545
4	0	150	200	0.9	0.005	PMX	Swap	1341.164	5.787
4	0	150	200	0.9	0.05	PMX	Swap	1156.312	7.545
4	0	150	200	0.9	0.1	PMX	Swap	1238.156	6.249
5	0	50	50	0.6	0.005	PMX	Swap	1931.288	0.092
5	0	50	50	0.6	0.05	PMX	Swap	1439.136	0.932
5	0	50	50	0.6	0.1	PMX	Swap	1448.7	0.889
5	0	50	50	0.9	0.005	PMX	Swap	1789.652	0.26
5	0	50	50	0.9	0.05	PMX	Swap	1303.348	1.295
5	0	50	50	0.9	0.1	PMX	Swap	1346.404	0.979
5	0	50	100	0.6	0.005	PMX	Swap	1742.22	0.365
5	0	50	100	0.6	0.05	PMX	Swap	1362.56	0.93
5	0	50	100	0.6	0.1	PMX	Swap	1292.632	1.204
5	0	50	100	0.9	0.005	PMX	Swap	1648.08	0.368
5	0	50	100	0.9	0.05	PMX	Swap	1338.288	1.823
5	0	50	100	0.9	0.1	PMX	Swap	1219.348	2.455
5	0	50	200	0.6	0.005	PMX	Swap	1584.636	2.022
5	0	50	200	0.6	0.05	PMX	Swap	1205.504	2.947
5	0	50	200	0.6	0.1	PMX	Swap	1161.44	3.416
5	0	50	200	0.9	0.005	PMX	Swap	1511.528	0.969
5	0	50	200	0.9	0.05	PMX	Swap	1192.864	4.173
5	0	50	200	0.9	0.1	PMX	Swap	1230.468	3.461
5	0	150	50	0.6	0.005	PMX	Swap	1813.804	0.746
5	0	150	50	0.6	0.05	PMX	Swap	1321.864	1.749
5	0	150	50	0.6	0.1	PMX	Swap	1188.452	1.877
5	0	150	50	0.9	0.005	PMX	Swap	1748.112	1.101
5	0	150	50	0.9	0.05	PMX	Swap	1348.476	2.444
5	0	150	50	0.9	0.1	PMX	Swap	1188.6	1.902
5	0	150	100	0.6	0.005	PMX	Swap	1576.296	2.655
5	0	150	100	0.6	0.05	PMX	Swap	1249.528	4.018
5	0	150	100	0.6	0.1	PMX	Swap	1210.72	2.943
5	0	150	100	0.9	0.005	PMX	Swap	1545.052	1.812
5	0	150	100	0.9	0.05	PMX	Swap	1161.732	4.118
5	0	150	100	0.9	0.1	PMX	Swap	1135.66	4.629
5	0	150	200	0.6	0.005	PMX	Swap	1399.64	5.552
5	0	150	200	0.6	0.05	PMX	Swap	1166.088	6.067
5	0	150	200	0.6	0.1	PMX	Swap	1166.708	4.598
5	0	150	200	0.9	0.005	PMX	Swap	1279.656	15.905
5	0	150	200	0.9	0.05	PMX	Swap	1168.008	5.902
5	0	150	200	0.9	0.1	PMX	Swap	1149.24	12.101

