2024-05-07 21:37:11:9015	../../../files/testListWithPickListSize020.txt
instanceNumber	DistanceMatrixRunningTime	NumberOfStagnantGeneration	PopulationSize	CrossoverProbability	MutationProbability	CrossoverOperator	MutationOperator	TravelledDistance	RunningTime
1	0	50	50	0.6	0.005	PMX	Swap	701.6	0.036
1	0	50	50	0.6	0.05	PMX	Swap	622.504	0.09
1	0	50	50	0.6	0.1	PMX	Swap	490.864	0.092
1	0	50	50	0.9	0.005	PMX	Swap	631.328	0.068
1	0	50	50	0.9	0.05	PMX	Swap	520.876	0.197
1	0	50	50	0.9	0.1	PMX	Swap	521.596	0.079
1	0	50	100	0.6	0.005	PMX	Swap	597.404	0.085
1	0	50	100	0.6	0.05	PMX	Swap	553.86	0.333
1	0	50	100	0.6	0.1	PMX	Swap	534.528	0.081
1	0	50	100	0.9	0.005	PMX	Swap	577.92	0.153
1	0	50	100	0.9	0.05	PMX	Swap	561.408	0.26
1	0	50	100	0.9	0.1	PMX	Swap	500.464	0.206
1	0	50	200	0.6	0.005	PMX	Swap	549.176	0.242
1	0	50	200	0.6	0.05	PMX	Swap	521.476	0.534
1	0	50	200	0.6	0.1	PMX	Swap	537.732	0.325
1	0	50	200	0.9	0.005	PMX	Swap	552.508	0.24
1	0	50	200	0.9	0.05	PMX	Swap	504.308	0.608
1	0	50	200	0.9	0.1	PMX	Swap	534.516	0.415
1	0	150	50	0.6	0.005	PMX	Swap	584.184	0.23
1	0	150	50	0.6	0.05	PMX	Swap	501.44	0.56
1	0	150	50	0.6	0.1	PMX	Swap	494.476	0.178
1	0	150	50	0.9	0.005	PMX	Swap	608.012	0.131
1	0	150	50	0.9	0.05	PMX	Swap	556.112	0.309
1	0	150	50	0.9	0.1	PMX	Swap	507.468	0.363
1	0	150	100	0.6	0.005	PMX	Swap	610.924	0.685
1	0	150	100	0.6	0.05	PMX	Swap	525.468	0.464
1	0	150	100	0.6	0.1	PMX	Swap	553.112	0.41
1	0	150	100	0.9	0.005	PMX	Swap	558.612	0.244
1	0	150	100	0.9	0.05	PMX	Swap	490.156	0.387
1	0	150	100	0.9	0.1	PMX	Swap	510.736	0.36
1	0	150	200	0.6	0.005	PMX	Swap	538.248	0.412
1	0	150	200	0.6	0.05	PMX	Swap	480.488	0.874
1	0	150	200	0.6	0.1	PMX	Swap	467.416	0.45
1	0	150	200	0.9	0.005	PMX	Swap	537.232	1.325
1	0	150	200	0.9	0.05	PMX	Swap	458.876	0.84
1	0	150	200	0.9	0.1	PMX	Swap	519.144	0.551
2	0	50	50	0.6	0.005	PMX	Swap	723.9	0.034
2	0	50	50	0.6	0.05	PMX	Swap	609.892	0.174
2	0	50	50	0.6	0.1	PMX	Swap	577.464	0.071
2	0	50	50	0.9	0.005	PMX	Swap	738.62	0.052
2	0	50	50	0.9	0.05	PMX	Swap	586.344	0.202
2	0	50	50	0.9	0.1	PMX	Swap	577.712	0.092
2	0	50	100	0.6	0.005	PMX	Swap	673.648	0.098
2	0	50	100	0.6	0.05	PMX	Swap	606.436	0.135
2	0	50	100	0.6	0.1	PMX	Swap	551.088	0.398
2	0	50	100	0.9	0.005	PMX	Swap	641.7	0.168
2	0	50	100	0.9	0.05	PMX	Swap	592.004	0.197
2	0	50	100	0.9	0.1	PMX	Swap	541.38	0.223
2	0	50	200	0.6	0.005	PMX	Swap	636.092	0.192
2	0	50	200	0.6	0.05	PMX	Swap	559.936	0.309
2	0	50	200	0.6	0.1	PMX	Swap	523.8	0.349
2	0	50	200	0.9	0.005	PMX	Swap	553.304	0.272
2	0	50	200	0.9	0.05	PMX	Swap	571.636	0.585
2	0	50	200	0.9	0.1	PMX	Swap	521.804	0.414
2	0	150	50	0.6	0.005	PMX	Swap	696.84	0.124
2	0	150	50	0.6	0.05	PMX	Swap	579.16	0.225
2	0	150	50	0.6	0.1	PMX	Swap	571.356	0.181
2	0	150	50	0.9	0.005	PMX	Swap	640.78	0.432
2	0	150	50	0.9	0.05	PMX	Swap	554.892	0.312
2	0	150	50	0.9	0.1	PMX	Swap	552.952	0.153
2	0	150	100	0.6	0.005	PMX	Swap	599.176	0.494
2	0	150	100	0.6	0.05	PMX	Swap	564.212	0.616
2	0	150	100	0.6	0.1	PMX	Swap	543.904	0.313
2	0	150	100	0.9	0.005	PMX	Swap	642.16	0.485
2	0	150	100	0.9	0.05	PMX	Swap	538.512	0.346
2	0	150	100	0.9	0.1	PMX	Swap	541.496	0.266
2	0	150	200	0.6	0.005	PMX	Swap	571.032	1.361
2	0	150	200	0.6	0.05	PMX	Swap	545.5	0.709
2	0	150	200	0.6	0.1	PMX	Swap	513.508	0.573
2	0	150	200	0.9	0.005	PMX	Swap	568	0.914
2	0	150	200	0.9	0.05	PMX	Swap	536.8	0.735
2	0	150	200	0.9	0.1	PMX	Swap	537.796	0.852
3	0	50	50	0.6	0.005	PMX	Swap	794.412	0.027
3	0	50	50	0.6	0.05	PMX	Swap	615.18	0.04
3	0	50	50	0.6	0.1	PMX	Swap	596.98	0.134
3	0	50	50	0.9	0.005	PMX	Swap	653.584	0.044
3	0	50	50	0.9	0.05	PMX	Swap	616.9	0.152
3	0	50	50	0.9	0.1	PMX	Swap	556.044	0.19
3	0	50	100	0.6	0.005	PMX	Swap	689.876	0.067
3	0	50	100	0.6	0.05	PMX	Swap	554.208	0.235
3	0	50	100	0.6	0.1	PMX	Swap	558.104	0.189
3	0	50	100	0.9	0.005	PMX	Swap	615.708	0.2
3	0	50	100	0.9	0.05	PMX	Swap	557.624	0.322
3	0	50	100	0.9	0.1	PMX	Swap	571.624	0.239
3	0	50	200	0.6	0.005	PMX	Swap	592.892	0.412
3	0	50	200	0.6	0.05	PMX	Swap	537.912	0.601
3	0	50	200	0.6	0.1	PMX	Swap	558.716	0.32
3	0	50	200	0.9	0.005	PMX	Swap	581.188	0.283
3	0	50	200	0.9	0.05	PMX	Swap	534.008	0.363
3	0	50	200	0.9	0.1	PMX	Swap	526.244	0.421
3	0	150	50	0.6	0.005	PMX	Swap	703.148	0.226
3	0	150	50	0.6	0.05	PMX	Swap	559.544	0.287
3	0	150	50	0.6	0.1	PMX	Swap	565.024	0.163
3	0	150	50	0.9	0.005	PMX	Swap	633.32	0.21
3	0	150	50	0.9	0.05	PMX	Swap	568.82	0.296
3	0	150	50	0.9	0.1	PMX	Swap	558.368	0.189
3	0	150	100	0.6	0.005	PMX	Swap	665.576	0.332
3	0	150	100	0.6	0.05	PMX	Swap	566.24	0.272
3	0	150	100	0.6	0.1	PMX	Swap	548.42	0.44
3	0	150	100	0.9	0.005	PMX	Swap	581.272	0.702
3	0	150	100	0.9	0.05	PMX	Swap	545.056	0.841
3	0	150	100	0.9	0.1	PMX	Swap	547.42	0.388
3	0	150	200	0.6	0.005	PMX	Swap	563.328	0.571
3	0	150	200	0.6	0.05	PMX	Swap	555.748	0.972
3	0	150	200	0.6	0.1	PMX	Swap	521.432	0.507
3	0	150	200	0.9	0.005	PMX	Swap	577.508	0.731
3	0	150	200	0.9	0.05	PMX	Swap	553.308	1.003
3	0	150	200	0.9	0.1	PMX	Swap	514.76	1.028
4	0	50	50	0.6	0.005	PMX	Swap	749.364	0.043
4	0	50	50	0.6	0.05	PMX	Swap	625.456	0.072
4	0	50	50	0.6	0.1	PMX	Swap	601.32	0.134
4	0	50	50	0.9	0.005	PMX	Swap	670.8	0.06
4	0	50	50	0.9	0.05	PMX	Swap	644.852	0.056
4	0	50	50	0.9	0.1	PMX	Swap	587.728	0.222
4	0	50	100	0.6	0.005	PMX	Swap	715.608	0.141
4	0	50	100	0.6	0.05	PMX	Swap	610.712	0.34
4	0	50	100	0.6	0.1	PMX	Swap	547.128	0.14
4	0	50	100	0.9	0.005	PMX	Swap	628.864	0.103
4	0	50	100	0.9	0.05	PMX	Swap	566.748	0.319
4	0	50	100	0.9	0.1	PMX	Swap	504.008	0.335
4	0	50	200	0.6	0.005	PMX	Swap	590.212	0.317
4	0	50	200	0.6	0.05	PMX	Swap	543.256	0.357
4	0	50	200	0.6	0.1	PMX	Swap	543.74	0.243
4	0	50	200	0.9	0.005	PMX	Swap	542.404	0.638
4	0	50	200	0.9	0.05	PMX	Swap	515.072	0.484
4	0	50	200	0.9	0.1	PMX	Swap	499.552	0.508
4	0	150	50	0.6	0.005	PMX	Swap	755.428	0.131
4	0	150	50	0.6	0.05	PMX	Swap	536.644	0.359
4	0	150	50	0.6	0.1	PMX	Swap	571.86	0.232
4	0	150	50	0.9	0.005	PMX	Swap	682.62	0.518
4	0	150	50	0.9	0.05	PMX	Swap	613.268	0.326
4	0	150	50	0.9	0.1	PMX	Swap	570.54	0.637
4	0	150	100	0.6	0.005	PMX	Swap	609.908	0.346
4	0	150	100	0.6	0.05	PMX	Swap	534.8	0.58
4	0	150	100	0.6	0.1	PMX	Swap	574.136	0.252
4	0	150	100	0.9	0.005	PMX	Swap	666.556	0.975
4	0	150	100	0.9	0.05	PMX	Swap	518.512	0.596
4	0	150	100	0.9	0.1	PMX	Swap	549.668	0.329
4	0	150	200	0.6	0.005	PMX	Swap	541.992	2.133
4	0	150	200	0.6	0.05	PMX	Swap	519.256	0.981
4	0	150	200	0.6	0.1	PMX	Swap	520.9	0.668
4	0	150	200	0.9	0.005	PMX	Swap	554.212	0.589
4	0	150	200	0.9	0.05	PMX	Swap	538.372	0.656
4	0	150	200	0.9	0.1	PMX	Swap	506.408	0.836
5	0	50	50	0.6	0.005	PMX	Swap	717.68	0.07
5	0	50	50	0.6	0.05	PMX	Swap	648.04	0.14
5	0	50	50	0.6	0.1	PMX	Swap	639.08	0.159
5	0	50	50	0.9	0.005	PMX	Swap	703.088	0.044
5	0	50	50	0.9	0.05	PMX	Swap	609.316	0.181
5	0	50	50	0.9	0.1	PMX	Swap	582.58	0.787
5	0	50	100	0.6	0.005	PMX	Swap	681.156	0.071
5	0	50	100	0.6	0.05	PMX	Swap	579.412	0.222
5	0	50	100	0.6	0.1	PMX	Swap	581.024	0.261
5	0	50	100	0.9	0.005	PMX	Swap	605.452	0.168
5	0	50	100	0.9	0.05	PMX	Swap	573.788	0.191
5	0	50	100	0.9	0.1	PMX	Swap	551.532	0.384
5	0	50	200	0.6	0.005	PMX	Swap	635.644	0.192
5	0	50	200	0.6	0.05	PMX	Swap	555.616	0.499
5	0	50	200	0.6	0.1	PMX	Swap	550.332	0.544
5	0	50	200	0.9	0.005	PMX	Swap	595.552	0.39
5	0	50	200	0.9	0.05	PMX	Swap	577.048	0.738
5	0	50	200	0.9	0.1	PMX	Swap	540.088	0.466
5	0	150	50	0.6	0.005	PMX	Swap	727.312	0.255
5	0	150	50	0.6	0.05	PMX	Swap	660.512	0.233
5	0	150	50	0.6	0.1	PMX	Swap	607.104	0.242
5	0	150	50	0.9	0.005	PMX	Swap	676.248	0.617
5	0	150	50	0.9	0.05	PMX	Swap	592.024	0.231
5	0	150	50	0.9	0.1	PMX	Swap	596.86	0.723
5	0	150	100	0.6	0.005	PMX	Swap	639.024	0.731
5	0	150	100	0.6	0.05	PMX	Swap	574.08	0.418
5	0	150	100	0.6	0.1	PMX	Swap	584.772	0.284
5	0	150	100	0.9	0.005	PMX	Swap	572.48	0.507
5	0	150	100	0.9	0.05	PMX	Swap	574.296	0.461
5	0	150	100	0.9	0.1	PMX	Swap	543.792	0.337
5	0	150	200	0.6	0.005	PMX	Swap	604.076	1.093
5	0	150	200	0.6	0.05	PMX	Swap	542.676	0.666
5	0	150	200	0.6	0.1	PMX	Swap	539.84	1.188
5	0	150	200	0.9	0.005	PMX	Swap	557.588	1.07
5	0	150	200	0.9	0.05	PMX	Swap	573.228	1.186
5	0	150	200	0.9	0.1	PMX	Swap	558.296	1.14

